10117:
454849
1204904
776260
922615
1277457
2181970
1506293
873637
2262753
2310236
1694188
776536
2370765
2586014
1346236
1008264
46922
1070528
48876
2063888
239662
914678
1017525
2202279
859359
1594618
1462096
573068
1089008
93850
759273
1327129
1628483
354723
2400246
382742
2309573
1591072
917722
408406
14817
416932
594505
74183
2512610
651877
2162066
1556419
1151212
419527
2437680
1344701
416892
1896286
2120852
2575399
2283401
189154
1503263
568473
56415
2097043
1622108
2514559
1983788
2461130
2254554
1706391
832827
1178139
2554601
2605240
1772801
495465
1738969
1948153
276791
2482440
956655
2536514
1859126
1528705
2136469
614368
4334
2159067
53297
485322
587028
2145476
202189
409368
2503609
1498554
359589
1332061
10118:
2041199
1079060
537175
2345895
10119:
1829027
899232
609690
311271
1959320
1273428
1711859
1210574
623294
55038
110089
1690287
2581233
1625022
1130862
1685673
746594
544298
5823
2186329
334798
1663779
552758
720643
753427
1014716
1733123
740223
2381752
2474198
242001
2598508
1246772
246911
1234299
1510439
2502483
2418288
2186817
765489
2023207
1040284
1662965
1276137
2122647
2246014
1295970
1586088
1923459
1251093
2579274
1265581
776126
2029453
157799
2604150
321493
2146162
1252684
1752332
306765
2640902
1706908
147078
383004
2581823
2303631
1548360
819521
722685
316755
1574695
317301
570909
291018
1462064
1753483
636065
2217934
2588947
1424091
693999
2046124
1530695
1852987
1847537
777121
2484211
1828844
2264454
941017
2558226
91704
2585735
300286
2536540
2544203
891975
2223396
1468286
700018
627820
743823
1657301
1526299
1474466
2617933
1433800
1756303
1519184
443404
1768382
52948
1336792
812666
316449
1050953
1081461
439202
272712
2042275
735562
1540737
1228450
1162923
692637
780711
1494367
1032032
2426383
2445901
1439284
2588202
573336
1591556
1426194
1920583
1095387
1170140
654531
2219727
2592420
2390409
422145
1636762
1022314
2449641
93924
327045
2576886
1598749
2357614
2442871
1012:
1614555
1048963
2583831
701770
1380686
125559
689700
656501
808135
1261010
1406669
29395
2036746
2617555
832147
1136754
1616406
801651
1516404
1394920
755098
2254096
2012745
2407893
1727111
1393380
1259960
2185076
1729350
2647328
2270260
1946037
2529439
649243
393655
1763923
1026711
410466
1687847
1240708
1833107
2020414
2234000
129418
1306112
1496529
739028
798875
1768173
1084888
746296
1224125
236574
1161373
1244116
2571299
731856
806734
1285563
1244564
2319554
1960291
33553
1518868
2495933
1995527
323410
2346008
1458110
1870259
2210104
435108
244418
897502
1064053
2355949
2340836
1029352
1337046
2339507
2510628
1102032
822855
583491
764330
2340700
1920133
2096260
1813553
1266091
1778729
1627309
2051763
965481
956861
1180349
1070029
529734
364749
412022
1563277
676373
548631
1299710
911537
1794635
1128920
1495156
84957
722683
1588677
1938931
838537
1574829
1030798
275433
1229707
982514
519240
104978
2310575
1587730
480094
2196604
611783
587721
1861754
202536
1257144
1708411
1953937
227370
242260
2121145
474091
1681077
2155354
2615472
1123230
2606872
1660355
2258199
748072
1209296
214266
1647845
586543
381301
411524
2171969
2245661
2243031
1263021
2165911
1579549
1776262
1192069
953851
1200485
1740397
1401705
23102
63367
2481257
1651650
473947
965756
2238235
1860383
13134
1595992
1538634
2458745
396378
1081758
540803
828623
1148113
113142
74997
407146
835025
1033520
913642
45365
582480
2297934
486958
1770701
670409
2336875
196738
160659
1625874
2627184
358546
1229998
1178389
1838378
1807503
1442032
640323
2345163
2536879
2497650
2583960
1779678
2401021
107723
1425869
616414
2452947
1271541
718153
618679
2456889
2632371
1693965
718537
1998078
215347
2576048
2367485
2251835
2543062
741248
1098399
67835
407905
1151834
1904406
2207087
594021
2098933
2375622
1886859
533018
465432
476034
2455151
65094
1013389
13996
1943948
2063801
1285032
1208970
208477
1732656
946033
618794
2326623
870754
21153
211702
1231887
1972475
1587838
1392108
946528
2380731
1251689
2087521
182824
893566
132803
317630
494946
2280858
1454502
654209
470546
982225
628539
2492560
2290023
548304
177570
346253
1399914
1432761
2329125
886563
2187093
1442180
2310717
1637455
71636
344536
1202638
1822736
1415826
2231555
930806
169659
2027853
396634
376508
91220
2221231
368753
1935479
6678
804899
2420243
2158350
1670373
279674
2083123
1078216
1246688
154988
989268
6896
2636505
2577212
2175000
147436
498370
2081276
2608082
2537985
2587326
1609094
1786956
1557864
1226635
2315021
569440
2200200
1379638
741373
166053
154558
1332704
343628
1583151
1087061
1195969
1236919
2042330
1799934
149247
720346
156125
1866591
531823
2150657
1081310
1824420
645557
815779
1504420
1525289
727052
2248347
1169648
1371684
1014110
2547781
2426688
290900
1334010
1000911
679205
1776678
1826445
378768
1601166
1597006
881113
159523
2509751
2016630
1107593
2304012
2380068
709698
2459606
1895576
650256
1888855
1176205
2047210
1027737
223657
2317408
1168243
699484
2373062
895431
1074640
1626108
1874235
318052
1001827
772087
982677
2248408
2427673
426410
938049
2212136
2396860
1109505
859812
229174
2518876
1584781
2177532
803363
1701580
835154
1484885
1283896
2628631
1717062
1560934
988734
862615
1327784
1619498
2272855
857179
2102411
2072928
1913329
730529
1870893
1152949
1285234
1075798
1620740
1419194
1225679
1444644
1689421
673604
1886821
1598968
1967371
825862
2262034
377073
1883854
1473685
161290
2023248
1183281
1219480
717132
1456829
1571327
1876518
1052504
2394353
2605984
2483876
2266753
12488
2253779
1236013
1401790
1463398
2023910
1605758
599770
2419584
1666026
2451829
1740829
802790
524200
1380981
897761
1295162
558878
2175118
2424262
363052
2377341
66853
2017501
1663823
2580817
869392
2530810
1125395
1645710
646825
1126390
2462646
1975341
786017
2408663
128844
1807377
1047911
598501
461453
250269
1505221
472830
26651
1878575
2440206
1087791
427268
2503653
1908095
1573813
1976013
244733
2603241
150469
2536823
193359
1465490
683245
2438510
357456
1006110
1414621
2148713
76778
1274992
128400
2170840
125128
1477552
322294
748372
1820399
1339797
1042494
1491896
1850606
1805131
81224
1923413
668870
2048239
30457
1367164
1400746
29469
1518492
1591409
1611709
641214
2072579
202046
883758
725273
1492178
2101604
953964
2481359
511790
2170172
2205687
860595
2261167
20188
1525119
1396732
1900670
2645730
1505075
113316
688300
2096265
1621057
1200968
1491408
728368
1687582
1613995
2068443
320915
698693
1036172
803848
2153205
1828292
1177469
2237844
1336290
550002
2432901
2344314
2055186
1188776
1642760
2296822
2074367
2059103
1101416
2009344
164127
614830
586772
2598965
236676
1845382
1166220
726601
1000818
1137095
1358095
261509
671630
1787968
849110
789562
20094
95231
801321
2259147
2553913
330736
2240827
1281770
138036
2547967
286773
1865728
482812
589878
1651378
262600
381524
2063282
530819
549935
8413
1727880
362084
291095
257100
1270174
684196
1014039
898714
1702548
2023804
507448
475986
1780845
1605013
676590
1053656
75455
736260
2549831
1950859
1520377
1503737
632805
1787513
406932
841213
1309275
241183
581123
41852
2310225
1177622
2306537
1723006
892655
761897
2263129
1014801
232609
1412541
2317218
779130
2189607
182256
774136
556416
95882
1740002
859090
1444590
1246026
227940
2544224
293749
1197778
294851
715765
699220
727224
2211274
325556
70370
1243785
1452078
608529
448018
2490558
1150053
383795
39841
1109882
114591
2394075
474004
1995614
1466005
2443574
2279676
609636
444652
2172689
984817
1488858
708105
2424422
733486
703599
435013
60547
2611838
692712
2268218
1104937
82514
992148
1219886
1138492
1686355
2440597
1035278
1535689
1431079
2563509
317798
975537
185517
601432
2161626
259325
2152558
663857
1996975
862902
1873130
1647147
2029189
1341255
861325
10120:
276210
1545957
2357046
211108
2388007
1331200
1680378
10121:
1938835
2584094
2056844
1761707
2590532
2196865
1068659
26750
1079045
690334
865387
1794755
2333491
189725
2625468
2290578
1851975
1400923
1167991
32057
2327149
2301114
1794701
1129884
2451502
1706362
989600
2190267
10122:
749532
826184
1817678
1038642
1838848
10123:
2325249
1437364
1719889
1650908
621593
2396721
1991783
361552
1763387
46705
1229665
853945
1773296
570559
2563089
1031836
858739
2155724
502329
1822079
2479684
1694842
1731106
1725730
711774
620466
50934
581769
1436604
695720
1961423
645557
1981033
1578651
1866631
1440917
2027658
2283331
938693
1440487
1899452
929177
2362360
1712994
1452847
2393473
2470618
2151802
374547
1841976
805029
2214757
1040102
2017367
2431906
847771
680005
1885684
2520425
2602020
579083
2196445
971387
356736
353842
2123155
1779958
2114230
403918
803226
2471938
1420047
1604543
2016176
1028138
655142
1945373
2244293
776697
1615579
2005342
1702740
2575119
1586856
2266296
304415
2342614
779730
408759
1664047
97084
1059683
2032778
1010392
2593402
231991
2523410
2374847
1813526
706800
1329352
2635453
1609215
1510745
1137682
693807
1511801
2587854
2244566
1670450
529788
1970298
2442346
1370178
2057955
2054342
1217472
2635908
868464
1793729
1887682
2186832
23844
689640
55771
2586475
641909
2061072
83118
838563
1487910
1296287
1231634
295536
876383
718577
2007119
2002239
2257688
368898
1751058
1889467
373574
1447640
2261415
822834
275826
997197
2360675
2388738
81544
2043862
1020675
2372744
779816
1849098
376792
1528338
2408386
1197524
345341
885506
1341684
1276212
948597
2546523
612386
2426104
623258
65812
8440
1276993
523929
1598727
1840146
1071464
979226
1705559
1769417
1096031
2518464
40031
1925190
439
380593
1762235
1667129
2117615
2134242
1870216
141723
961431
491798
1858533
2397586
208881
1863351
643126
773219
675236
2232078
277678
677536
2180643
1444319
1803323
45509
1040238
1745323
501741
978956
1627296
1507759
2002519
112166
336194
638647
106163
965526
1549253
2068507
900647
448355
2026385
1474415
1238349
515219
735018
622723
2360566
1477327
663816
2333007
2067905
874485
652848
1351909
450162
1006160
1406377
1708181
1275914
2179400
2078225
1662674
2612855
113159
2023505
2413297
1852918
2015789
649201
730617
551652
2425351
1610202
34846
1016854
2174565
1239155
239733
2204431
283369
755560
1997848
1139129
1987886
267778
2486978
2122373
407294
117688
2287286
1777113
2434155
698306
2427789
55372
1940742
1308386
444626
2635185
2086789
273561
1057174
888096
2317536
45851
1369726
967718
1449779
1015577
2497550
508288
2582872
1121834
2215506
60886
2039384
119541
399545
1795365
811271
1846819
2484568
1695428
2394667
2084268
1324672
1990727
2469934
1965227
2294261
302180
2173520
1061324
42901
1066320
293299
929626
2051229
1376914
509367
582204
170019
1439393
2101665
461876
2547255
529064
501153
831317
1712929
501208
46570
378241
2315248
1864300
576654
2174857
961824
35483
917687
2626943
1849079
1151097
2493143
844141
2198660
588932
1325658
948096
1927493
759226
2636033
1606008
2048027
2416816
1080480
753196
2032988
2048843
1839753
2119362
947894
70630
2079374
2209297
2491795
185677
2156597
1857058
572038
1417254
2455344
2155560
90942
1123913
377640
2286413
1542383
437877
1134419
755006
1005932
442158
1175056
457428
900579
2116894
1405816
893135
464947
1804786
438473
2135398
1173322
520168
2159366
1800792
306893
2530307
670453
2440066
2403173
1355029
372756
671100
90902
1113739
1422845
697371
246639
815319
2496488
465344
2010799
499308
761764
410075
29255
1376345
1133265
1672956
2598975
2456631
1543747
1836989
81362
2209119
953086
733003
263534
1837285
1761021
1201500
2464565
2042241
2133745
2480062
2209472
2490280
1241834
1791118
1902555
256410
1733775
2031845
1419151
512920
2602881
2642731
688202
1838304
2258171
1502499
2476112
222294
457877
2279006
334412
1279380
1009532
206682
783276
2386026
1983739
861644
2048192
334162
2586983
265252
2410116
1497621
1453428
2008319
2078603
381884
2259189
886929
2612977
106589
854347
622887
318272
709681
1538117
2244844
2131041
1584363
1484601
1190718
2030765
1072595
1803533
2573115
841575
2090831